# oST version 5.0 parameters


[image]

width
1280

height
720

[narrow_stereo]

camera matrix
671.359425 0.000000 644.361138
0.000000 630.607858 350.248798
0.000000 0.000000 1.000000

distortion
-0.085183 0.091623 0.003190 -0.005419 0.000000

rectification
1.000000 0.000000 0.000000
0.000000 1.000000 0.000000
0.000000 0.000000 1.000000

projection
691.373272 0.000000 635.154578 0.000000
0.000000 652.094438 353.931793 0.000000
0.000000 0.000000 1.000000 0.000000