image_width: 1280
image_height: 720
camera_name: narrow_stereo
camera_matrix:
  rows: 3
  cols: 3
  data: [671.35943,   0.     , 644.36114,
           0.     , 630.60786, 350.2488 ,
           0.     ,   0.     ,   1.     ]
distortion_model: plumb_bob
distortion_coefficients:
  rows: 1
  cols: 5
  data: [-0.085183, 0.091623, 0.003190, -0.005419, 0.000000]
rectification_matrix:
  rows: 3
  cols: 3
  data: [1., 0., 0.,
         0., 1., 0.,
         0., 0., 1.]
projection_matrix:
  rows: 3
  cols: 4
  data: [691.37327,   0.     , 635.15458,   0.     ,
           0.     , 652.09444, 353.93179,   0.     ,
           0.     ,   0.     ,   1.     ,   0.     ]